5,8,12,15,12,8,5
8,12,18,22,18,12,8
12,18,25,32,25,18,12
15,22,32,42,32,22,15
12,18,25,32,25,18,12
8,12,18,22,18,12,8
5,8,12,15,12,8,5
